5567356081763633	035	6	2022	master
5567356082017385	021	6	2022	master
5567356082017393	983	6	2022	master
5567356082017401	084	6	2022	master
5567356082017419	340	6	2022	master
5567356082017427	603	6	2022	master
5567356082017435	146	6	2022	master
5567356082017443	199	6	2022	master
5567356082017450	794	6	2022	master
5567356082017468	425	6	2022	master
5567356082017476	177	6	2022	master
5567356082017484	021	6	2022	master
5567356082017492	983	6	2022	master
5567356082017500	861	6	2022	master
5567356082017518	340	6	2022	master
5567356082017526	603	6	2022	master
5567356082017534	146	6	2022	master
5567356082017542	199	6	2022	master
5567356082017559	371	6	2022	master
5567356082017567	425	6	2022	master
5567356082017575	177	6	2022	master
5567356085360345	293	6	2022	master
5567356085363489	025	6	2022	master
5567356085363505	088	6	2022	master
5567356085363513	354	6	2022	master
5567356085363539	070	6	2022	master
5567356085363562	729	6	2022	master
5567356085363588	025	6	2022	master
5567356085363596	907	6	2022	master
5567356085363687	025	6	2022	master
5567356085363695	907	6	2022	master
5567356085472058	112	6	2022	master
5567356085472173	585	6	2022	master
5567356085494334	480	6	2022	master
5567356085494342	465	6	2022	master
5567356085494359	705	6	2022	master
5567356085494375	511	6	2022	master
5567356085494383	287	6	2022	master
5567356085494409	050	6	2022	master
5567356085494417	674	6	2022	master
5567356085494425	869	6	2022	master
5567356085494433	480	6	2022	master
5567356085494441	465	6	2022	master
5567356085494482	287	6	2022	master
5567356085494490	650	6	2022	master
5567356085494508	050	6	2022	master
5567356085494516	674	6	2022	master
5567356085495307	309	6	2022	master
5567356085495315	297	6	2022	master
5567356085495323	128	6	2022	master
5567356085495331	103	6	2022	master
5567356085495349	424	6	2022	master
5567356085495356	328	6	2022	master
5567356085495364	950	6	2022	master
5567356085495372	134	6	2022	master
5567356085495380	323	6	2022	master
5567356085495398	850	6	2022	master
5567356085495406	309	6	2022	master
5567356085495414	297	6	2022	master
5567356085495422	128	6	2022	master
